Cluster,Dist,mean,median,std,min,max,bag_count,day_count,Cluster_Rank,Cluster_perc
0,"[0.6850131255127179, 2.758312141099266, 1.4967370795734232, 0.5101632485643965, 0.11619770303527685, 0.567155455291223, 0.5577489745693172, 0.336973338802297, 1.5432161607875319, 0.45151107465135215, 0.4813904840032804, 1.2726415094339631, 0.4730906480721902, 0.1742965545529116, 0.2622748154224782, 0.052012305168168634, 1.6433675143560307, 0.20030270713699777, 0.9843605414273988, 0.5898416735028694, 0.5289762100082046, 0.2821944216570983, 1.0585057424118114, 0.4044786710418376, 2.131397867104187, 1.494523789991799, 0.5560890073830991, 0.28385438884331265, 8.988168990976218, 0.0, 2.057252666119774, 2.4556447908121455, 2.421338802296969, 1.2997543068088613, 1.2040295324036105, 0.3795791632485671, 0.6484938474159175, 0.6839064807219021, 1.3152473338802297, 1.707552912223135, 0.783504511894995, 0.10181132075471691, 0.11177112387202509, 1.1730434782608703, 0.19310951599671963, 1.4386382280557848, 0.20749589827727588, 1.021433141919605, 0.6230410172272337, 0.5372760459392948, 0.5732420016406892, 1.157550451189502, 0.07303855619360071, 0.6745, 2.2094163248564413, 2.5430697292863025, 1.1182645611156716, 3.0886456111566876, 0.05311894995898065, 1.0933650533223975, 44.08762182116492, 47.19729368334705, 0.3552329778506953, 0.029326086956522217, 0.5107165709598025, 0.655133716160786, 0.8222370795734194, 0.992107054963083, 0.3430598851517631, 0.46147087776866397, 0.6706267432321579, 0.8836558654634976, 2.5762690730106663, 2.614448318293685, 0.7729913863822808, 0.6650935192780978, 0.5787752255947491, 1.37168621821165, 0.7121259228876123, 1.3501066447908157, 0.1007046759639049, 1.1713835110746522, 0.2866210008203427, 0.21358244462674567, 1.2737481542247753, 0.5846029886914371, 0.2996567043618764, 1.0248259289176094, 0.6745, 1.3048687399030634, 0.6461688206785133, 2.889780290791588, 0.6025823909531511, 2.5743235056542733, 1.655194668820673, 2.058369143780283, 0.3939123586429716, 1.5560355411954712, 0.2686013731825548, 1.2394890953150184, 1.5990771405492703, 1.7924919224555669, 1.2057096122778619, 0.0, 0.2969325525040379, 1.3865932956381217, 1.5816425686591231, 0.1623594507269788, 0.16235945072697516, 0.20485621970921067, 0.3268982229402255, 0.49252665589660616, 0.3688501615508904, 0.6091203554119549, 0.5475545234248786, 1.6927879644587982, 0.1710767366720505, 0.2004975767366748, 0.6483481421647812, 0.7436934571890139, 1.0150189822293965, 0.6652378836833613, 1.6737189014539502, 0.6325480613893352, 0.9185840064620298, 0.3508707592891764, 1.151771405492727, 0.5791546849757673, 0.5753408723747984, 0.743148626817447, 1.0346328756058114, 1.0329983844911106, 0.17815953150242492, 1.6126978998384447, 1.1479575928917545, 1.3816898222940153, 0.7169967689822283, 0.37647778675282817, 1.250385702746358, 0.17924919224555888, 0.12912479806138563, 0.5540924878836824, 0.33016720516963105, 0.3078291599353812, 0.19178029079159944, 0.585692649434571, 1.1991716478190582, 0.6031272213247181, 0.653251615508884, 0.6004030694668832, 70.07935137318235, 61.37895516962827, 3.074477786752817, 0.4184297253634894, 1.3484551696284257, 4.447995153473328, 6.084665589660723, 0.8690044426494308, 0.2626082390953144, 1.4530626009693008, 0.5148647011308561, 1.274358239095309, 0.020158723747978335, 0.30891882067851145, 0.9458255250403861, 1.7674297253634819, 1.2340407915993488, 1.3974899030694614, 1.4579660743134035, 0.4750920840064628, 0.26696688206785385, 0.15636631663973838, 1.9118097738287505, 1.0373570274636463, 1.2283448841020845, 0.6781322875204866, 0.8556405993912446, 0.46398524935612256, 0.15792554436899983, 0.46682790915476424, 0.9936675251697503, 32.207651369702674, 6.752264575040982, 79.47760945914312, 72.54088784827916, 11.885160618122233, 5.739645984546949, 1.290251697494734, 0.3670189651135564, 0.7694132521657693, 0.9039658159681576, 0.7675181456333415, 0.6408618590494045, 0.2473114024818547, 1.4576527745258727, 0.6885553734488415, 0.7703608054319832, 0.5555820650901432, 0.33859236712713736, 1.4109068133926497, 0.7634120814797479, 0.7596218684148923, 0.5410529150081946, 0.5100995083118718, 0.48798993210021213, 0.31458768438304774, 0.8392163427768682, 0.11054788105830071, 0.6427569655818324, 0.40144673378599893, 0.018951065324280064, 0.1329733083586984, 0.850586981971437, 0.23025544369000245, 0.9178632638726302, 0.5849562163427783, 0.09601873097635218, 0.14908171388433678, 0.988613907749943, 1.0081966752516989, 0.5647417466635464, 0.9109145399203948, 0.6298070709435736, 1.0078808241629609, 0.43966471552329706, 0.08338468742683143, 0.10960032779208681, 0.381232264106767, 0.7858375087801456, 0.8499552797939611, 0.303217045188481, 1.2930943572933757, 2.5299672207913853, 0.801314212128308, 2.8868789510653268, 0.4327159915710618, 1.338892765160385, 0.3177461952704295, 0.8262664481386095, 0.1629791617888094, 0.3297485366424723, 0.47946195270428493, 1.2883565909623043, 0.2438370405057371, 0.9311290095996267, 0.15034511823928864, 2.4181559353781346, 0.7905752751112151, 0.49493865605244736, 0.1143380941231563, 0.9418679466167177, 0.24952236010302048, 0.929865605244675, 0.06632872863497916, 1.1155860454226179, 0.3496471552329662, 0.6285436665886217, 0.8069995317255915, 0.6727628190119411, 1.3657401077031164, 0.22204331538281533, 0.5634783423085944, 0.4140807773355197, 0.14465979864200526, 0.07138234605478873, 0.29153055490517416, 0.8575357059236722, 1.2447691407164607, 0.5887464294076339, 0.44661343947553234, 0.31016576914071625, 1.1196921095762136, 0.12476118005151128, 0.8897525169749491, 0.5558979161788811, 1.6443207679700318, 0.0157925544369004, 0.29153055490517416, 1.2681421212830724, 0.0041060641535935576, 0.01294989463825871, 3.667346991336927, 1.8363582299227361, 3.289589089206278, 0.03316436431749063, 0.861325918988528, 1.9832289861859072, 1.2551922266448157, 2.1762140014048255, 2.675890423788342, 1.0603121048934674, 2.1446288925310246, 1.0922130648560062, 0.31837789744790546, 0.1200234137204397, 0.7934179349098589, 0.18635214235542097, 0.0041060641535935576, 0.0799103254507138, 0.7387756965581845, 0.4169234371341614, 1.2390838211191775, 0.6762371809880587, 0.3891285413252161, 0.6784481386092267, 0.3278534301100445, 0.08212128307187956, 0.7359330367595428, 0.588149902024821, 0.9652707380796871, 0.2788755715218831, 0.3815264532984973, 1.470595035924234, 0.4806528412802096, 1.2846779882429795, 1.3406293272371008, 1.1265163291966043, 0.33482691051600433, 0.5282335075114316, 0.4520163291966042, 0.423820378837362, 0.8886129980404965, 1.4661894186806028, 0.26653984323971297, 2.396655780535601, 0.33879196603527234, 2.000150228608755, 1.0784951012410189, 0.8110741345525798, 0.42734487263226695, 0.760850097975182, 0.5211845199216218, 0.055951338994121275, 0.5929960809928152, 0.25728804702808755, 0.16873514043109003, 0.6084157413455271, 0.909759960809929, 1.2657338340953628, 0.5423314826910512, 0.078419986936643, 1.0295927498367103, 0.3035470280862174, 0.048902351404311456, 0.7361786414108448, 0.38284813847158666, 5.253258001306342, 0.5291146309601579, 0.9771659046374941, 1.2983354016982391, 0.8458785107772717, 2.5548174395819765, 0.6996120182887003, 0.6172269758327894, 1.2710205747877232, 1.2525169823644693, 0.6445418027433053, 1.2802723709993484, 0.9251796211626409, 3.2420937295885093, 0.5436531678641406, 3.3288843892880515, 3.4487171783148303, 4.047440561724369, 0.018063030698890585, 0.57669529719138, 1.0022779229261944, 0.7960950359242339, 1.000075114304376, 3.5068713259307702, 1.1503066623122153, 112.00665055519283, 1.9640241672109768, 0.8965431090790357, 0.5313174395819734, 0.41368745917701044, 0.5304363161332473, 2.170207054212934, 0.6418984323971266, 0.619429784454605, 0.18459536250816505, 0.6211920313520574, 0.6745, 0.7793536903984326, 1.0119702808621829, 0.2687426518615285, 1.0168164598301772, 0.02687426518615285, 0.5194222730241694, 0.24495231874591744, 0.7577661659046372, 0.6423389941214898, 0.4828556499020251, 2.2371724363161363, 0.0, 0.21587524493794905, 0.25640692357936135, 0.29134079133302027, 0.1156467263306638, 0.7142138483278377, 0.17728261893546768, 0.7850633537446989, 1.3019788035798365, 0.7793445595854909, 0.6598853038153552, 0.5150091851153996, 0.14201672162034945, 0.323111869995287, 0.41397715496938065, 0.32184102684879845, 0.16044394724446417, 0.48037870937352667, 0.7653652849740893, 0.4025395666509646, 1.1866497880357953, 0.07561516721620129, 0.10357371643900241, 0.35901318888365485, 0.9334342910975019, 1.1637746113989613, 0.4063520960904366, 0.9499552520018827, 0.6548019312293925, 0.21858502119641876, 0.5966608572774358, 0.3777581252943944, 0.7558339613754115, 0.25289778615167113, 0.4590920866698058, 0.6519425341497863, 1.3626615638247725, 1.0373257183231248, 0.1343916627414033, 0.06227131417805136, 1.384265897315116, 1.1291441356570864, 0.6745, 2.409518605746577, 0.23860080075364892, 1.1571026848798853, 0.06354215732453992, 0.3993624587847358, 0.38220607630711173, 0.019380357983984853, 0.6624269901083365, 0.2697364578426746, 0.42033137070183396, 1.4119067357512904, 0.47497762600094134, 0.05432854451248255, 1.292129769194532, 0.37902896844088296, 0.2252569477154969, 0.7443963730569932, 0.25956971267074924, 0.7218389072067817, 0.0, 1.5790226095148328, 0.6084161563824745, 2.0190520489872763, 3.186003768252462, 1.934540979745636, 1.1466182289213351, 0.5524990579368807, 0.45305558172397514, 0.08927673104098025, 0.8880016486104539, 0.13820419218087532, 0.6189006123410268, 0.36441427225624023, 24.57429392369282, 26.598747056052677, 18.080920866698015, 0.678312529439472, 4.43651342439942, 0.8403450306170475, 12.032978332548245, 22.86087965143658, 36.36199952896833, 32.81571172868573, 3.1300866698068663, 2.511821479039087, 0.30309609043805896, 1.427792275082426, 1.0354194536033887, 1.8424048516250515, 7.973269901083348, 5.587897315120095, 1.38235963259538, 0.07752143193593941, 0.9544032030145979, 1.1488422044276918, 2.3590025906735668, 0.9223144135657063, 24.839900141309396, 9.351499293452633, 0.5699731512011275, 0.6573436175223738, 1.3045204898728158, 0.11278732925105978, 0.8263657560056501, 0.1982515308525659, 0.7625058878944875, 0.780297691945359, 0.4708473857748445, 0.10929251059821044, 0.7424901083372573, 0.5972962788506833, 0.45623268959020175, 1.7327946302402208, 1.721992463495048, 1.7359717381064474, 0.28721055110692345, 0.18268370230805517, 0.16266792275082287, 1.1926862929816262, 0.666557230334429, 0.6201714554875153, 0.75233914272256, 0.02541686292981766, 1.268936881771075, 0.16489189825718364, 0.9718772962788489, 0.16393876589731565, 0.0845110692416381, 1.3725105982100754, 4.206173104097961, 0.8991215261422495, 0.12867286858219315, 1.3591667451719232, 0.9796821952776025, 0.42398372686662783, 0.7278746011486946, 0.595729419272495, 0.18379802169751172, 1.415718251435869, 0.6973133375877477, 0.6340386088066383, 0.5470896617740927, 1.5168717294192775, 0.7941624122527167, 0.20575047862156806, 0.9736560306317831, 1.3365172303765198, 0.9973302488832193, 0.7024786215698815, 0.7821100829610751, 0.6745, 1.1604671346522044, 0.504906509253354, 0.21565060625398852, 0.09469687300574199, 0.14764103382259244, 0.035296107211233635, 0.21565060625398852, 1.2013589661774133, 0.32541289087428477, 0.23631174218251505, 2.639890555201033, 0.11923197192086957, 0.4799409700063851, 0.8238627951499723, 1.0059390555201069, 0.08910114869176972, 1.6322297383535491, 0.6697651563497162, 1.0339176770899856, 1.0309045947670759, 0.0370178685386106, 0.9112421825143621, 0.5113631142310148, 0.23631174218251505, 0.3103474792597334, 0.6387734524569278, 0.064566049776645, 0.5173892788768342, 0.8118104658583305, 1.530215379706449, 1.1871544352265504, 0.36501340140395794, 0.29356030631780505, 1.1113969368219552, 0.0, 0.0370178685386106, 0.48252361199745053, 1.3399607530312736, 0.5358982131461395, 0.776514358647097, 1.3894613911933673, 0.03443522654754228, 46.09327249521395, 54.03704881940033, 0.7252919591576291, 1.6003771537970692, 0.8888592852584587, 0.6994655392469719, 0.19197638800255518, 0.3624307594128925, 0.1562498404594773, 0.5148066368857717, 0.40073994894703296, 1.469523292916405, 0.8230019144862838, 1.024017549457568, 0.334452137843011, 0.4988803446075346, 0.04218315252074152, 1.0476917677090014, 1.6038206764518232, 0.27849489470325367, 2.208589342693053, 0.7076439055520153, 2.1311100829610807, 1.5947814294830969, 0.6594345883854515, 0.7347616464582025, 0.7373442884492709, 0.017648053605616817, 0.4330229738353569, 0.0025826419910654564, 0.3262737715379732, 0.26515124441608506, 3.1439361837906956, 1.1032185705169144, 1.4467099553286575, 0.367165603063182, 1.786757817485649, 0.6608790978232366, 0.7100558615263568, 0.6559260424862322, 0.29930605822187256, 0.6817526881720434, 1.0192680304222406, 0.23173223183844782, 0.44223708366116, 0.19670705481248316, 0.8388353002884863, 1.4462921584054562, 0.11993469708890732, 0.25720508785733015, 0.5887060057697363, 0.9623078940466825, 0.6622942564909522, 1.6040823498557568, 0.6534495148177276, 0.08243299239444042, 1.1583073695253079, 1.3012383949645954, 0.4075656963021242, 0.2780786782061369, 0.512287437713087, 1.294516391292944, 0.9308206136900068, 1.3532454760031465, 0.4139339103068442, 0.002830317335431107, 1.4172814057172827, 0.6074568581169674, 0.5451898767374783, 1.7003131392604263, 0.9449722003671647, 0.4001361132966176, 0.2161654864935744, 0.9948565434041428, 1.1133760818253344, 0.6421282454760031, 33.41154235510098, 0.7974419092578017, 1.4756567007605563, 1.2810723839496463, 1.0206831890899564, 0.7705538945712038, 0.12453396275898285, 0.2235950694990834, 0.7150089168633612, 0.6973194335169168, 0.6155940204563342, 1.4296640440597959, 0.002830317335431107, 0.726330186205088, 0.37749357461316635, 0.7380052452137437, 0.31770312090217717, 0.7227922895357992, 0.48504563335956025, 2.3017555730396024, 0.3247789142407549, 0.6672473118279565, 0.6237311827956986, 1.8230781536847622, 1.7731938106477843, 0.5030889063729336, 0.5982583267768162, 0.7493265145554681, 0.9251599790191446, 0.08526330972987153, 0.632222134801992, 0.3682950432730129, 0.7755069499082082, 0.7242074482035147, 0.15495987411486964, 0.2296094938368745, 3.748401521111985, 0.14186965643850075, 0.6159478101232632, 1.2502926829268284, 0.3612192499344351, 0.2614505638604768, 1.4512452137424605, 0.9347123000262268, 2.3279360083923426, 0.42136349331235323, 0.5006123787044313, 0.5971969577760297, 6.372105691056909, 0.6032113821138207, 1.341924206661422, 9.762118279569895, 4.310927091528981, 8.818561237870442, 1.2697511146079195, 0.47938499868869566, 10.86381930238657, 61.14865224232888, 0.23102465250459006, 10.621119590873331, 0.21439653815892995, 0.32053343823760827, 33.39739076842382, 1.4038373983739847, 0.5009661683713602, 1.02923703703704, 0.661274509803921, 0.09463572984749613, 0.48317124183006827, 1.095658387799568, 0.7670784313725488, 0.15106448801743255, 0.0952235294117623, 0.2709755991285386, 1.6828701525054497, 0.687725490196079, 0.2950753812636201, 0.32740435729847894, 0.16811067538126512, 0.44496427015250856, 0.21689803921568648, 2.708580392156869, 0.23394422657951905, 0.2039664488017445, 1.4477503267973868, 0.2656854030501078, 0.3761917211329003, 0.4614226579520711, 0.601318954248368, 126.01717298474982, 14.977132897603523, 3.4897660130719044, 0.38265751633986733, 0.4620104575163412, 0.6030823529411783, 1.5388592592592663, 4.973372113289771, 0.10874291938997828, 0.2727389978213489, 0.7570858387799574, 4.263310239651425, 0.3503285403050124, 1.4824305010893297, 5.046847058823544, 0.9669302832244067, 0.058779956427016763, 1.0621538126361652, 0.05877995642701286, 1.1967599128540352, 0.4567202614379064, 1.1920575163398706, 2.3223960784313777, 0.9510596949891064, 0.2592196078431368, 0.8123389978213497, 2.158400000000003, 1.008076252723313, 1.7780936819172162, 0.5155002178649272, 0.45436906318083, 1.3707485838780011, 1.4471625272331206, 0.18339346405229137, 0.22865403050109218, 1.1338653594771277, 1.4406967320261457, 1.6452509803921642, 1.8210030501089365, 0.7435664488017453, 0.3908867102396525, 0.5372488017429243, 0.27685359477124344, 1.9309215686274552, 0.47023965141612634, 1.3019760348583889, 1.5288666666666708, 0.8182169934640545, 1.1750113289760378, 0.5907385620915063, 0.3826575163398713, 0.10286492374727738, 0.1853355855855858, 0.975898198198202, 0.22908693693693646, 0.08628738738738617, 1.1448270270270289, 0.46060450450450735, 0.3560873873873894, 1.2882342342342368, 0.6544472972972994, 0.0, 0.2108572072072087, 0.32874279279279367, 0.37735540540540513, 0.29835990990991007, 0.10512477477477555, 1.2961337837837854, 0.9801518018018052, 2.92222567567568, 0.1780436936936947, 3.3585238738738794, 0.8209454954954959, 0.9515918918918943, 0.18229729729729785, 0.9965585585585602, 0.7711175675675693, 0.17561306306306435, 0.5256238738738738, 0.17682837837837953, 0.8215531531531535, 0.5043558558558581, 1.0682621621621642, 1.7245324324324363, 1.4887612612612664, 0.5487148648648663, 2.2841851351351394, 0.02248333333333495, 1.2858036036036062, 0.45270495495495466, 0.13186171171171365, 0.8531513513513522, 0.6465477477477507, 1.7615995495495538, 1.149080630630632, 0.8209454954954959, 0.37492477477477476, 3.3433324324324394, 0.48308783783783826, 1.5233977477477492, 0.3165896396396419, 0.44237477477477555, 0.5876049549549562, 1.5574265765765782, 1.783475225225231, 0.35365675675675906, 0.2862067567567582, 1.6358144144144158, 0.3743171171171171, 1.807173873873877, 0.40895360360360394, 1.051855405405409, 0.026736936936938096, 0.8337063063063094, 0.9060175675675708, 1.3720909909909926, 0.6745, 0.7583567567567598, 0.5687675675675709, 1.741546846846849, 0.5043558558558581, 0.40166171171171283, 9.693962612612633, 1.0305873873873894, 0.41806846846846785, 5.101893693693705, 3.867740990990998, 2.601990090090096, 1.168525675675679, 0.2296945945945941, 0.47944189189189274, 1.4036891891891914, 0.6587009009009026, 0.3980157657657673, 1.5616801801801814, 0.9157400900900923, 1.377559909909911, 0.4557432432432426, 0.023090990990992544, 0.6204184684684703, 2.5643153153153215, 1.45655540540541, 1.2554207207207229, 0.5061788288288308, 0.27952252252252474, 0.389508558558561, 1.6753121621621674, 0.7279738738738761, 1.4614166666666706, 40.83337927927936, 0.46364279279279536, 0.6544472972972994, 0.2473166666666683]",2.1979683442706532,0.6745,8.778943981025687,0.0,126.01717298474982,908.0,9.0,3.0,1.0
1,"[0.4093817594834516, 2.383886602098458, 0.8051537530266342, 0.5367691686844239, 0.41319249394673174, 0.46055447941888494, 0.5906638418079082, 1.232500403551246, 2.8836372074253327, 0.40393785310734254, 1.5183054882970093, 0.7501702986279245, 1.1263442292171066, 0.04464003228410229, 2.810144471347852, 0.4191807909604518, 0.17856012913640193, 0.5209818401937037, 1.3751307506053239, 0.154606941081518, 0.6461916868442251, 0.33480024213074905, 0.561811138014526, 1.160640839386598, 1.1421315577078233, 3.949009685230014, 2.684390234059716, 1.5716557707828824, 1.3903736884584297, 0.05117271993542965, 1.5928870056497118, 2.733385391444706, 1.86617110573042, 0.41482566585956443, 3.2576335754640753, 1.2401218724778025, 1.2531872477804644, 0.3211904761904762, 1.4214039548022552, 0.42299152542372814, 0.9510504439063738, 0.3293563357546399, 0.19489184826472938, 0.33969975786925094, 1.4143268765133135, 0.5574560129136387, 0.3794402744148514, 0.4937623083131544, 1.5972421307506026, 0.39522760290556785, 0.18454842615012199, 0.44204519774011386, 1.3179697336561704, 1.2352223567393006, 0.7447263922518154, 0.963027037933814, 0.3358890234059709, 0.4317017756255028, 0.5013837772397072, 1.0272651331719094, 0.9532280064568176, 3.173253026634372, 0.5460238095238096, 2.672958030669887, 1.387651735270375, 0.5830423728813553, 0.5797760290556899, 1.3762195318805457, 2.894525020177555, 1.3511775625504399, 0.7724903147699757, 0.32282364810330894, 0.5367691686844239, 0.4104705407586771, 0.20795722356739135, 0.9951460855528617, 0.3217348668280871, 0.0, 0.4943066989507653, 1.3245024213075016, 0.4904959644874889, 0.9967792574656943, 0.2678401937045992, 1.650048022598865, 1.0446856335754622, 8.655811138014505, 0.4627320419693286, 1.1704398708635946, 1.1296105730427721, 0.5160823244552055, 0.3206460855528653, 1.2934721549636758, 0.31193583535108704, 0.20904600484261318, 0.12684301856335772, 0.07294834543986987, 0.4349681194511683, 1.5868987086359918, 1.2776848264729592, 0.021231234866829318, 1.18350524616626, 0.5084608555286491, 0.43605690072639014, 2.064873688458426, 0.7675907990314774, 1.3027267958030613, 0.40992615012106626, 6.345417271993523, 6.461372477804662, 0.4344237288135574, 1.2951053268765085, 1.406705407586757, 0.7844669087974158, 0.6745, 0.5100940274414855, 1.1366876513317141, 0.6521799838579488, 3.829788135593209, 1.2831287328490684, 3.7285314769975675, 6.675862389023388, 4.414463680387397, 0.4649096045197723, 0.44912227602905574, 0.4502110573042776, 0.1110556900726412, 0.5569116222760279, 1.5526020984665003, 1.176972558514929, 0.017420500403552912, 1.2417550443906316, 2.37898708635996, 0.6238716707021776, 0.6532687651331707, 0.9554055690072613, 0.2172118644067805, 0.5688882163034715, 0.5220706214689256, 0.04845076674737507, 0.5470296976241902, 0.09687742980561895, 0.6825124190064736, 0.15660637149028217, 2.697271598272124, 0.08303779697624206, 0.0, 0.6264254859611189, 0.514980021598271, 0.4501522678185712, 2.6797899568034382, 1.3533704103671653, 3.4307721382289253, 1.8100782937364917, 0.7131052915766695, 0.18865604751620124, 0.5987462203023748, 0.29354589632829386, 2.411009719222447, 1.6323482721382205, 0.5127948164146859, 1.7117440604751495, 0.09032181425485891, 0.4720043196544267, 2.4226641468682386, 2.977706263498902, 0.13621112311015005, 1.5128903887688943, 2.5960237580993395, 1.1129978401727794, 0.7036360691144674, 0.4610782937365014, 0.22070572354211548, 1.2237149028077705, 2.1014389848811956, 1.7452505399567966, 0.9381814254859598, 0.4130037796976252, 4.363854751619849, 1.5835453563714827, 0.0852230021598271, 1.7955102591792529, 0.12164308855291632, 4.5590664146868, 0.7823034557235394, 1.73578131749459, 2.2034152267818468, 2.223082073434112, 0.08158099352051866, 0.31976835853131463, 2.3432683585313048, 19.696711123110052, 4.414842872570172, 1.7823990280777426, 0.29354589632828904, 0.5594125269978388, 0.5936474082073382, 3.502155507559375, 0.061185745140391434, 0.9156009719222379, 1.053997300215978, 0.45525107991360303, 0.6701295896328251, 0.14058153347732505, 2.1618963282937256, 2.2056004319654314, 2.303206263498907, 0.12674190064794813, 0.17117440604751588, 0.23236015118790734, 0.38095410367170607, 3.985814254859589, 0.6737715982721383, 0.10488984881209266, 0.6825124190064736, 0.40280615550756155, 0.18428563714902627, 1.6206938444924335, 0.6009314254859599, 0.08012419006479529, 0.2134217062634986, 0.24110097192224272, 1.7671025917926473, 3.7053795896328103, 0.15660637149028217, 0.644635529157666, 0.29427429805615557, 0.15587796976241564, 0.8879217062634938, 0.6745, 1.6032122030237481, 0.5142516198704093, 1.696447624190054, 1.1172111204013373, 0.28310953177257375, 1.4781475752508368, 0.5622713210702354, 0.4128210702341128, 0.6468658026755846, 1.001034698996653, 0.41564088628762413, 0.8070313545150467, 1.4087801003344453, 1.6433887959866194, 1.4589728260869554, 1.6603076923076914, 2.874520484949828, 0.3479653010033433, 1.4138557692307694, 0.7906764214046806, 1.2660974080267537, 0.6745, 0.5763704013377923, 0.27013837792642137, 0.362064381270904, 0.9339230769230743, 0.022558528428091133, 1.4161116220735785, 1.5779690635451475, 0.63333068561873, 1.3890413879598655, 1.476455685618726, 0.5696028428093649, 1.3958089464882928, 0.501927257525084, 0.6062604515050167, 0.31694732441471424, 3.1858281772575197, 0.5064389632107023, 0.22840510033444902, 0.0755710702341128, 0.5498641304347814, 0.46132190635451253, 0.6931107859531752, 0.3287905518394658, 1.441489966555181, 0.7230008361203997, 0.36037249163879714, 0.7105936454849495, 0.20810242474916324, 0.9632491638795966, 0.2972086120401345, 0.19795108695652222, 0.9237717391304332, 0.04116931438127007, 1.1775551839464886, 1.4319025919732424, 1.4995781772575232, 6.054145066889623, 9.273247073578585, 8.998033026755843, 12.267327759197306, 16.7948244147157, 0.08459448160534926, 0.4060535117056855, 0.07669899665551737, 2.1306530100334404, 1.2469226588628726, 0.7026981605351177, 3.10123369565217, 1.4426178929765856, 1.2897838628762532, 1.5920681438127084, 2.2073520066889616, 0.0930539297658872, 0.6338946488294285, 1.242410953177258, 0.6948026755852857, 0.16467725752508405, 0.6767558528428091, 0.13253135451505044, 0.4816245819397983, 1.1809389632106986, 0.6102081939799328, 0.06598369565217407, 0.13873494983277548, 1.5599222408026747, 0.6130280100334442, 0.629382943143814, 0.6423540969899664, 0.6192316053511693, 0.07613503344481508, 0.5453524247491632, 0.3615004180602017, 1.799606605351169, 0.9976509197324392, 1.0252851170568547, 1.1600723244147142, 1.340540551839462, 4.958364548494975, 0.8814744983277587, 0.4799326923076915, 0.05470443143812851, 1.025849080267557, 0.35586078595317894, 0.3874427257525103, 0.008459448160534174, 0.5086948160535114, 0.41789673913043324, 0.589905518394647, 1.157816471571905, 0.0, 0.4630137959866231, 0.38631479933110197, 0.4151046170269547, 1.4570064051240994, 0.4017838270616506, 0.4460664531625312, 0.8554107285828656, 0.5627133706965576, 0.20737229783826933, 0.4151046170269547, 1.486528155858019, 1.4307248465439022, 0.877372030958099, 0.16776994929276823, 0.754604750467041, 0.8942930344275418, 0.42554523618894985, 0.8399298105150796, 0.6663995196156934, 0.5587531358420077, 0.7582049639711773, 0.35498105150787224, 0.8910528422738191, 0.17065012009607722, 0.5929551641313044, 0.6743199893247932, 0.3196989591673346, 0.7704456898852405, 1.1106658660261541, 1.3796018147851603, 0.5915150787296499, 0.21817293835068047, 0.7409239391513209, 0.5630733920469713, 1.0872644782492662, 0.1656098211902865, 0.28693701627969, 0.8705316253002402, 0.8089679743795032, 0.8723317320523083, 0.43958606885508356, 0.9716976247664806, 0.5940352281825453, 0.7614451561248999, 0.17569041900186796, 0.7513645583133184, 1.4170440352281821, 1.6542981051507872, 2.932373899119296, 0.921294635708566, 0.7024016546570583, 0.5547929009874578, 0.252014945289566, 1.1747496663997865, 0.1587694155324252, 0.32689938617560704, 0.46406752068321244, 0.6919610354950632, 1.5239703763010408, 1.1592687483319983, 0.03888230584467625, 0.73984387510008, 0.24985481718708422, 0.03888230584467625, 0.43886602615425635, 0.2757763544168676, 0.4104243394715776, 0.5537128369362145, 0.34670056044835884, 0.8287691486522549, 0.5774742460635162, 2.024760074726448, 0.1292476647985056, 0.9191345076060843, 0.2419343474779821, 2.3455390979450232, 0.07848465439017975, 0.8028476114224715, 8.48426314384841, 8.62251134240726, 8.800001868161198, 1.0455020016012808, 0.9468561515879381, 0.7682855617827589, 0.4356258340005337, 0.4788283960501734, 2.4931478516146237, 1.1589087269815845, 1.5387312516680018, 1.3014771817453967, 1.435765145449693, 1.390042433947158, 0.4964694422204435, 7.314553776354415, 9.025015212169734, 4.128724846543903, 0.21889298105150773, 0.06516386442487325, 0.11556685348278548, 1.4166840138777685, 0.8341694689084592, 1.5030891379770481, 0.2980976781425147, 0.4327456631972247, 0.1681299706431819, 0.20485214838537397, 0.17533039765145436, 0.31501868161195506, 0.42770536429143396, 0.4356258340005337, 0.29377742193755124, 0.2523749666399796, 1.4195641846810776, 0.22177315185481672, 0.6746800106752068, 0.7394838537496664, 1.0559450078003105, 0.17625390015600362, 0.15836544461778412, 0.6160994539781588, 0.5571727769110724, 0.7639422776911043, 1.8372496099843925, 3.9759723088923393, 1.2300943837753435, 0.5092948517940696, 1.0112238689547548, 1.0880390015600607, 1.045422386895472, 0.16888806552261912, 3.5334960998439824, 0.31988767550701874, 0.9807082683307299, 2.277095163806544, 2.4002098283931277, 0.5403365834633364, 0.5803225429017128, 0.0031567862714540016, 0.21045241809672435, 0.4519465678627119, 1.5883896255850136, 0.7713081123244888, 1.045422386895472, 1.3263763650545977, 0.08839001560062443, 0.8828478939157504, 1.336372854914191, 1.7872671606864194, 0.21203081123244608, 0.4398455538221481, 0.7044894695787798, 0.4587862714508546, 1.1801119344773774, 0.34777262090483146, 0.0, 0.4693088923556896, 0.6445105304212132, 0.1557347893915719, 0.30726053042121676, 0.01578393135725599, 0.28253237129485104, 1.7467550702027974, 0.5892667706708226, 0.31673088923556475, 0.9949138065522569, 0.8312870514820554, 1.426341263650537, 0.5245526521060804, 1.0154329173166852, 0.6855487519500767, 0.2535951638065478, 0.20308658346333983, 0.25727808112324707, 2.940546411856464, 0.6139949297971918, 0.14258151326052812, 0.2462293291731668, 0.9733424336973453, 2.2944574882995257, 3.838125975038987, 0.7213256630265157, 0.5108732449297949, 0.05787441497659946, 2.6974738689547477, 0.6645035101403998, 0.726060842433695, 0.7444754290171596, 1.5762886115444568, 1.4352854914196504, 0.5019290171606852, 1.1043490639625513, 0.1189056162246459, 0.7639422776911043, 0.8081372854914184, 0.7870920436817449, 0.20308658346333636, 0.09417745709828368, 1.0669937597503873, 0.7123814352574059, 1.9019637285491313, 1.6704660686427404, 0.5403365834633364, 0.15363026521060838, 0.8165553822152829, 2.0024547581903196, 5.653804212168464, 0.6745, 0.2977901716068618, 1.2327250390015558, 0.33461934477378774, 0.4992983619344729, 0.40985608424336495, 1.6125916536661373, 0.13626794071763065, 1.141704368174719, 13.000171996879823, 0.6381969578783122, 0.34777262090483496, 0.6087336193447708, 1.0843560842433684, 1.7078213728549048, 0.16257449297972162, 0.1588915756630259, 0.5766396255850206, 0.5713783151326031, 0.24149414976598757, 0.01841458658346474, 0.5576989079563176, 0.7471060842433649, 0.4535249609984372, 1.2721848673946905, 0.5492808112324461, 0.4303751950077967, 2.6111883775350937, 0.915994149765984, 0.5813748049921963, 2.0077160686427407, 13.94352496099838, 20.103467238689465, 0.1391451048951052, 0.0035375874125870214, 0.013560751748250248, 3.1973894230769226, 0.3289956293706283, 0.14975786713286626, 1.556538461538462, 0.6745, 0.0, 0.15447465034964897, 1.4686883741258727, 0.19338811188811406, 0.17452097902097935, 0.6302801573426583, 0.13442832167832253, 1.0972416958041962, 0.37026748251748476, 0.2594230769230757, 1.3265952797202782, 0.2210992132867124, 1.6962731643356652, 0.3160244755244759, 0.44750480769230927, 0.22050961538461453, 0.3136660839160845, 1.037102709790209, 0.7635292832167813, 0.12735314685314456, 1.4716363636363619, 1.8419038461538468, 0.0913876748251765, 0.27298382867132986, 0.3095388986013997, 1.3484104020979022, 1.7475681818181807, 0.27770061188811257, 0.5954938811188819, 0.534765297202797, 1.2010109265734272, 1.6314173951048951, 6.9165729895104855, 13.908614510489503, 19.760963286713277, 16.99103234265733, 3.2410196678321666, 6.438998688811184, 1.7210362762237743, 5.357676136363633, 0.9439462412587428, 0.2706254370629385, 0.027121503496504423, 6.259760926573421, 3.02109965034965, 1.6950939685314654, 0.4180249125874135, 1.5394401223776208, 1.0559698426573436, 0.9457150349650324, 0.09138767482517257, 0.3785218531468545, 0.46873033216783133, 0.412718531468529, 1.122594405594403, 1.4899138986013987, 0.3343020104895088, 1.7404930069930067, 0.26944624125874284, 0.9657613636363628, 1.4669195804195791, 1.5288273601398599, 1.2281324300699317, 0.3348916083916106, 0.16508741258741397, 0.3962097902097896, 0.10141083916083972, 1.1273111888111897, 1.1249527972027944, 0.41330812937063083, 0.5052854020979012, 0.304822115384617, 3.3306385489510455, 1.6426197552447541, 0.8684777097902079, 2.059465472027972, 1.0205939685314696, 0.6013898601398604, 1.7021691433566437, 0.42392089160839186, 0.2688566433566411, 0.4669615384615379, 1.671510052447552, 0.575952922077923, 2.22643398268399, 0.013869588744592107, 0.34892965367965484, 0.6307012987012985, 0.08759740259740285, 0.5942023809523848, 0.5285043290043302, 0.4722959956709981, 0.3927283549783563, 0.02335930735930483, 0.41462770562770457, 0.7161087662337665, 0.6803398268398311, 1.4818560606060658, 0.32484036796536686, 0.4284972943722918, 0.2525725108225127, 4.011231060606069, 0.0, 0.7036991341991359, 2.1848252164502235, 5.181386363636377, 1.7855270562770624, 0.8263354978355009, 0.8066260822510825, 0.15694534632034393, 3.9477229437229546, 2.286292207792213, 0.6058820346320324, 0.7766969696969683, 1.4898858225108267, 0.46207629870129735, 0.4898154761904767, 1.7555979437229483, 4.398849567099577, 1.751948051948057, 2.2570930735930776, 1.992110930735934, 2.0067104978355044, 0.4044080086580087, 1.9767813852813902, 8.10567965367967, 1.167965367965373, 0.5927424242424234, 0.6139117965367982, 0.7416580086580062, 0.5927424242424234, 0.6372711038961031, 1.7344285714285734, 0.4876255411255419, 2.400168831168839, 2.4811964285714376, 2.052699134199136, 17.125292207792242, 3.0819686147186216, 0.5504036796536784, 0.05766829004328867, 0.6745, 0.2262932900432899, 2.5461645021645087, 20.84161201298706, 0.22337337662337678, 0.32776028138528, 0.10803679653679944, 0.46645616883116703, 1.855604978354982, 0.6526006493506468, 0.373018939393938, 0.589536797133405, 0.14073773428886252, 0.7709899393605297, 1.7916638643880922, 0.9825613285556776, 1.2997324972436597, 0.135160281146636, 0.6040381753031964, 0.5861903252480691, 0.0444337100330749, 0.5962297409040793, 1.157321527012128, 0.16193205622932572, 0.062281560088202195, 1.0227189911797132, 0.5118242833517083, 1.3521605567805939, 0.20060239801543694, 0.6222578555678056, 0.05038299338478565, 1.832937017640573, 0.5363650771775074, 0.03736893605292132, 0.5698297960308714, 0.05707593715545745, 4.510858186328556, 8.459323180815877, 0.44377935501653987, 1.9366776460859987, 0.140737734288865, 0.4623708654906283, 1.1472821113561176, 0.2998810639470787, 1.0796090132304288, 0.7378970507166499, 0.21064181367144463, 0.8910910970231529, 0.6947647464167576, 0.6702239525909609, 0.8583700385887525, 0.5281848125689085, 0.48021871554575557, 0.7014576901874293, 0.7352942392502752, 0.7174463891951478, 0.7512829382579935, 1.0435414829106948, 0.2816613836824696, 2.6647211962513784, 2.7509858048511577, 0.27125013781697765, 0.721908351708929, 0.8118912624035266, 0.4869116593164274, 0.345616179713341, 0.6029226846747512, 1.7641484288864389, 0.5006693770672552, 0.7564885611907383, 0.9933444046306512, 1.256600192943772, 2.4200569184123477, 0.35751474641676007, 0.937198042998897, 0.4958355843439923, 1.0520935777287754, 0.02249572767365063, 0.866178472987872, 0.3634640297684683, 0.5255820011025362, 0.46013988423373764, 0.4058526736493922, 0.2214248897464159, 1.0952258820286653, 1.1550905457552374, 0.9766120452039693, 11.130551405733184, 0.5876776460859963, 0.6203987045203967, 0.6196550441014331, 4.4922666758544665, 3.5091476019845658, 0.5754072491730978, 0.2641853638368241, 1.2320593991179705, 0.022495727673648155, 2.481037072767365, 0.6241170066152143, 0.44229203417861035, 1.8924298511576636, 1.1543468853362737, 0.4575370727673653, 0.5478918136714447, 0.1608165656008804, 1.0230908213891952, 0.345616179713341, 0.23072064498346256, 0.43225261852260266, 1.6165318357221625, 1.956012816979053, 0.9130290793825796, 1.0677104465270122, 0.8988995314222701, 0.46385818632855536, 0.6787760474090415, 0.79999269570011, 0.6888154630650493, 0.8382912072767346, 0.32330636714443245, 1.7065147464167598, 0.621514195148842, 0.1652785281146641, 0.7602068632855561, 0.6787760474090391, 0.5069904906284453, 1.6830894432194063, 1.3086564222712223, 0.4694356394707818]",1.2915366926926588,0.6745,2.2406833857079165,0.0,20.84161201298706,858.0,8.0,2.0,0.67
2,"[1.1734240458015288, 0.5807908396946582, 0.3439435114503818, 2.7258038167938934, 1.1255396946564888, 0.6657469465648848, 0.5771866412213761, 0.3676282442748101, 0.2605320610687047, 0.04788435114503979, 1.7114793893129785, 0.3887385496183192, 1.1275992366412215, 0.4958347328244282, 0.7991022900763343, 2.4482805343511447, 2.241296564885498, 0.9082580152671758, 4.189623282442749, 0.517974809160307, 1.0261667938931307, 0.46082251908397054, 0.6291900763358776, 0.4603076335877874, 0.11842366412213817, 0.6832530534351152, 0.1719717557251926, 2.1342003816793893, 0.45155458015267386, 0.2914251908396971, 1.3587828244274798, 1.4921381679389327, 1.3453958015267178, 0.5828503816793873, 1.3206812977099234, 0.22912404580152912, 0.694580534351148, 0.7223843511450381, 0.8531652671755753, 0.9427553435114501, 1.1935045801526716, 1.4638194656488561, 0.387708778625953, 0.5545316793893141, 0.6055053435114528, 0.46803091603053465, 0.5952076335877863, 1.01844351145038, 1.185266412213741, 0.7553370229007665, 0.9448148854961828, 0.6992145038167963, 0.4752393129771022, 0.38101526717557543, 0.45258435114504014, 0.2770083969465655, 1.0024820610687024, 0.1961713740458041, 0.08444122137404686, 0.5782164122137424, 0.2723744274809171, 0.5524721374045815, 1.0447026717557242, 1.2913328244274804, 0.4896561068702269, 0.5359958015267172, 0.4670011450381683, 0.0901049618320615, 1.1234801526717564, 0.30944618320610734, 0.003604198473282049, 1.1095782442748112, 2.713961450381681, 0.7254736641221404, 0.5169450381679407, 5.615856106870233, 1.3268599236641212, 1.774810305343513, 1.2635290076335868, 0.9988778625954203, 1.5111889312977094, 0.6338240458015294, 0.3429137404580155, 0.7002442748091626, 0.3012080152671735, 0.30275267175572296, 0.10246221374046052, 0.7965278625954185, 0.5272427480916037, 0.08650076335877946, 0.9880652671755709, 0.3326160305343525, 1.671318320610686, 1.1054591603053425, 0.27906793893129805, 0.46442671755725257, 0.689431679389313, 0.9391511450381681, 1.279490458015268, 0.003604198473282049, 0.14777213740457773, 1.1466500000000015, 2.7942835877862593, 1.555469083969467, 0.3856492366412238, 1.2841244274809163, 0.4757541984732819, 0.72598854961832, 0.8938412213740441, 0.7733580152671767, 0.2224305343511447, 0.37586641221374045, 4.674130534351148, 0.12460229007633597, 0.6446366412213722, 0.7733580152671767, 0.9293683206106883, 0.9041389312977106, 0.36402404580152803, 1.5492904580152693, 0.7265034351145068, 0.6518450381679397, 0.6436068702290059, 0.5529870229007646, 1.7042604973501887, 0.48064655523848254, 0.2953171626579707, 0.07864125560537995, 1.237362413371383, 0.5570880554423137, 0.4701977170811254, 1.2362625356706085, 3.3584765593151293, 0.392106400326129, 1.1141761108846344, 0.08744027721157549, 0.41135426008968534, 0.6384790052996333, 0.33161312678353094, 1.6294688136975157, 0.38660701182225676, 0.6819241744802311, 0.6115320016306558, 0.14078434569914694, 0.6874235629840997, 0.321714227476561, 0.6632262535670619, 1.204916021198537, 0.22107541785568488, 1.1427729311047738, 0.09183978801467325, 0.6522274765593139, 0.10943783122707165, 0.37175866286180176, 0.5163925805136557, 1.1350737871993488, 0.5477390949857308, 1.347900122299229, 0.540589889930697, 0.6604765593151258, 1.39794455768447, 1.4727362413371394, 0.6604765593151258, 1.2093155320016349, 1.4303909498573197, 0.0043995108030977685, 1.278607827150432, 1.082279657562172, 0.5988834080717498, 1.2225140644109282, 0.5009942927028134, 1.3588988993069737, 0.7341683652670208, 1.071830819404815, 0.23152425601304574, 1.097128006522627, 0.7457170811251524, 1.273658377496947, 0.0043995108030977685, 0.015398287810842192, 0.395406033428456, 0.36020994700367015, 1.1922674276396275, 0.4982445984508773, 1.344600489196906, 1.7444060334284597, 0.3965059111292304, 1.5293799429270305, 1.223613942111699, 0.5955837749694264, 0.7539661638809645, 1.224713819812477, 0.16443171626579745, 1.3297521402364472, 0.43940114145943726, 0.20017774154097048, 0.3668092132083168, 0.8161092539747241, 2.877830004076647, 0.4927452099470051, 0.5004443538524261, 0.4762470444353848, 0.5240917244190767, 0.3371125152874032, 1.4358903383611918, 0.6054826742763963, 1.3138039135752178, 1.5337794537301284, 1.4760358744394628, 1.1306742763962512, 0.6929229514879756, 1.301155320016308, 0.18917896453322605, 0.13143538524256052, 0.7000721565430095, 1.1196754993885032, 0.6087823073787197, 1.2769580105992702, 0.5438895230330204, 1.1988666938442738, 0.1979779861394216, 0.18917896453322605, 0.24032327761924493, 0.41850346514471926, 1.1801687729311048, 1.252760701182229, 1.2538605788830033, 0.494944965348554, 0.43060211985324176, 1.7075601304525123, 0.6907231960864266, 0.7253693436608253, 0.6428785161027347, 0.8199588259274346, 1.0448838157358373, 0.4350016306563395, 0.6720252751732575, 4.075046881369759, 1.4402898491642935, 1.5684256013045268, 2.8107374643293985, 2.898177741540974, 3.000466367713012, 0.9018997146351416, 0.6769747248267425, 0.5312409294741142, 2.638056665307793, 0.510893192009787, 0.13198532409294772, 1.4842849571952748, 1.2632095393395861, 1.2863069710558532, 0.7457170811251524, 0.3640595189563807, 0.25242193232776017, 0.48229637178964424, 0.4547994292702795, 0.48009661638809537, 2.0563135135135178, 0.5961121621621625, 0.10026351351351483, 0.23334054054053963, 0.17318243243243395, 0.020660360360362177, 1.991901801801809, 0.5760594594594579, 3.842219369369379, 1.5677567567567574, 0.06319639639639767, 0.41016891891891916, 1.4541247747747796, 1.7670684684684719, 0.7735481981981996, 0.8337063063063094, 0.3481878378378407, 0.5547914414414422, 1.8035279279279315, 0.4660734234234257, 2.436707207207215, 1.3028180180180229, 0.3560873873873854, 0.4508819819819859, 4.5610783783783875, 1.65951306306307, 0.3858626126126114, 1.6497905405405444, 0.44966666666666666, 0.2619004504504505, 0.48612612612612627, 0.5790977477477459, 1.407335135135141, 0.47579594594594715, 0.31537432432432266, 0.0528662162162186, 3.2260545045045124, 0.21936441441441498, 0.20356531531531358, 0.08811036036036297, 0.756533783783787, 0.31233603603603466, 1.4292108108108101, 0.5876049549549562, 0.10816306306306353, 0.45513558558558503, 0.40895360360360394, 0.6860454954954942, 0.9582761261261279, 0.6538396396396378, 0.32266621621621777, 0.49098738738738695, 0.009722522522521471, 0.5578297297297342, 0.956453153153155, 0.4265756756756741, 1.7992743243243285, 2.5248175675675744, 0.3524414414414398, 0.06988063063063119, 1.1144441441441453, 0.3074747747747739, 1.5470963963963993, 0.05711981981982174, 1.4571630630630636, 0.3688481981981988, 0.10512477477477151, 1.3587225225225257, 0.6410788288288284, 1.4917995495495544, 1.6151540540540577, 2.8748283783783877, 0.06684234234233917, 0.6963756756756774, 1.2766887387387424, 0.16528288288288526, 0.3451495495495487, 1.906829729729734, 1.6819963963963969, 1.0020274774774827, 0.054689189189187325, 0.6125189189189175, 0.3317810810810817, 1.47417747747748, 0.6963756756756774, 0.7358734234234249, 1.1989085585585626, 0.5882126126126138, 0.48491081081081105, 2.9477472972973064, 0.6204184684684703, 2.335228378378385, 1.723317117117121, 0.22544099099099496, 0.6666004504504512, 1.4097657657657674, 0.3165896396396378, 1.289449549549552, 0.9327545045045049, 0.723720270270269, 1.562287837837843, 0.23577117117117402, 1.3581148648648678, 1.4128040540540594, 1.016003603603603, 0.5778824324324308, 3.03221171171172, 0.6356099099099101, 1.2456981981982014, 0.2096418918918895, 2.3327977477477546, 1.471139189189192, 0.11241666666666666, 0.631356306306311, 1.053678378378382, 2.922833333333341, 0.4399441441441452, 0.3937621621621601, 0.00972252252252552, 0.5183319819819826, 1.3003873873873926, 1.717848198198203, 0.8227684684684686, 0.7510648648648647, 1.5361585585585587, 0.7115671171171172, 0.7942085585585578, 0.30686711711711634, 0.6823995495495486, 0.47458063063063205, 1.1180900900900947, 0.73708873873874, 0.6599162162162178, 1.511852252252259, 2.1558952254641883, 1.2094482758620646, 0.4466847922192727, 1.406251989389918, 0.6273863837312126, 1.2333032714411996, 1.5380508399646318, 0.34410831122899815, 1.3770296198054788, 0.3566321839080458, 0.23914633068081445, 1.5487855879752406, 0.13239522546419205, 0.4293899204244028, 0.9774584438549935, 1.082420424403181, 0.6745, 0.5212316534040645, 0.2725433244915977, 0.4132877984084895, 1.4485946065428792, 2.796401856763923, 0.39539655172413735, 1.3340906277630393, 1.562502210433241, 0.16102122015914905, 1.1981171529619774, 1.062740053050394, 4.730445623342166, 0.6685362511052133, 1.2207793987621558, 0.21946595932802757, 0.7275773651635701, 3.5651290893014975, 0.5886220159151171, 1.4110229885057441, 0.405534924845268, 3.3122661361626826, 3.7243611847922113, 2.8447082228116667, 1.3859752431476569, 0.11211847922192686, 0.07156498673740047, 0.4920092838196292, 1.4575402298850573, 0.5206352785145902, 1.394920866489831, 0.9756693191865586, 0.40314942528735487, 0.5910075154730301, 1.2040809018567602, 0.5373337754199817, 1.5642913351016758, 0.5981640141467693, 0.48127453580901636, 1.3346870026525175, 0.5635742705570297, 0.5558213969938082, 1.6501693191865585, 0.3214460654288238, 0.0, 0.4705397877984075, 0.00596374889478271, 0.4419137931034464, 1.7288908045976985, 2.418300176834655, 0.3733306808134374, 1.1699399103139045, 0.2921825112107631, 0.2195905829596418, 1.9224762331838592, 1.044718834080722, 0.4978596412556082, 0.3351327354260092, 0.07259192825112133, 1.1058170403587464, 0.18752914798206277, 1.1269896860986583, 0.0750116591928251, 0.3726385650224217, 4.726944394618846, 0.6745, 0.08771524663677395, 1.4318757847533665, 1.4270363228699587, 0.10767802690583012, 1.2092605381165948, 0.7083762331838569, 1.5655659192825162, 1.2806426008968643, 0.1512331838565021, 2.361657399103143, 0.663611210762333, 1.7010708520179398, 0.06714753363228783, 1.457887892376686, 0.20386233183856728, 0.5208470852017941, 1.4336905829596442, 0.23955336322869794, 0.9122385650224242, 1.1965569506726499, 1.8480695067264603, 1.4911591928251169, 0.7555609865470846, 0.4216381165919313, 0.0, 3.666497309417049, 1.455468161434982, 1.1384834080717514, 0.7610053811659221, 3.9731982062780347, 0.5492789237668175, 0.4077246636771305, 1.6919968609865506, 0.7966964125560568, 1.5710103139013496, 0.0707771300448435, 0.24378789237667955, 3.9750130044843126, 4.3718488789237755, 0.27040493273542915, 0.0030246636771297194, 0.1923686098654703, 1.8420201793722006, 0.35207085201793964, 0.4343417040358761, 1.7579345291479866, 0.2577013452914803, 0.3974408071748895, 0.11554215246636738, 0.33876233183856486, 1.8408103139013487, 1.8329461883408116, 0.47729192825112216, 0.9872502242152493, 0.5946488789237674, 0.26617040358744753, 1.0398793721973103, 0.5057237668161455, 0.45551434977578414, 5.333691928251136, 0.09013497757847773, 0.2685901345291473, 1.1021874439461907, 0.7241044843049355, 0.061703139013454346, 1.6242443946188367, 0.44220582959641336, 0.05504887892376492, 1.87105695067265, 1.9648215246636795, 1.1983717488789278, 0.5129829596412568, 0.6484878923766804, 0.07924618834080671, 0.3944161434977597, 0.7089811659192828, 4.627735426008979, 0.3206143497757865, 0.21596098654708615, 2.9823183856502298, 0.3647472454825934, 0.6519076685764639, 1.710180035257825, 1.3296776112825033, 0.4271734244160454, 1.8142236668135772, 0.8885326134861217, 0.21195174085500493, 1.9456159100925523, 2.210778536800356, 0.02348413397972618, 0.9949543851917153, 1.5639244160423118, 1.039544513001326, 1.3213541207580481, 0.5716454385191747, 0.5437022917584863, 0.0543999559277215, 1.1519116350815373, 0.27794513001322513, 0.12336602027324858, 0.019916923754957946, 0.1857921992067006, 0.36653085059497753, 0.03953657999118719, 0.05618356104010561, 0.6964977963860708, 7.3219962538563355, 3.588910753635967, 1.6400249008373753, 0.5437022917584823, 0.038347509916260486, 0.12455509034817133, 0.19292661965623706, 2.0294453503746177, 1.6429975760246822, 0.6780672102247682, 0.29697025121198906, 1.3814021595416506, 1.3189759806082026, 1.1792602468047604, 0.8594003966505065, 0.23513860731599842, 1.505065447333632, 0.767247465843982, 0.5199208902600274, 1.761310048479507, 0.9574986778316448, 1.2636842221242832, 0.4129045835169685, 1.1441826795945396, 0.32788607315998436, 1.970586381665934, 0.3837723666813613, 0.5508367122080188, 4.578811591009259, 0.1459583516967847, 1.56749162626708, 0.1685506831203208, 0.4557111062141952, 1.5775987219039234, 0.13168951079771177, 0.5234881004847955, 0.524082635522257, 3.419468267959456, 3.5550222565006653, 0.16201079770824173, 0.2517855883649208, 0.25832547377699594, 1.5567899955927753, 0.6709327897752317, 0.1631998677831645, 0.2672434993389165, 1.0734330101366243, 1.930752534156018, 0.25892000881445726, 1.801143895989423, 0.6834180255619206, 1.1364537241075376, 0.3819887615689732, 0.1358512560599374, 0.024673204054652884, 0.12098788012339913, 0.9664167033935693, 0.9973325253415607, 3.2518093873953333, 2.728618554429267, 2.845147421771707, 0.2874576906126071, 0.4509548259145003, 0.8647512119876628, 1.1156449977963896, 3.066908990744823, 1.3760513442044944, 1.4771223005729395, 1.5805713970912303, 0.42122807404143164, 0.5425132216835634, 0.4497657558395775, 0.21849162626708002, 1.2054197884530646, 0.019916923754957946, 0.29756478624945043, 0.1727124283825504, 0.14714742177170742, 1.610892684001768, 0.4182553988541209, 0.877830982811813, 1.3213541207580441, 0.04726553547818503, 0.2690271044513006, 0.4533329660643458, 1.59602930806523, 4.5776225209343355, 1.2238503746143712, 0.9985215954164874, 0.024078669017191513, 0.5948323049801681, 0.2042227853680071, 1.6067309387395345, 0.5098582677165365, 0.3717716535433061, 0.3416758530183751, 0.1726082677165335, 1.3233300524934293, 1.5862257217847735, 1.5286896325459232, 2.863526902887132, 0.9232329396325412, 4.958725721784762, 0.08497637795275803, 3.4202992125984135, 3.410562335957995, 0.3354796587926482, 0.23722572178477944, 0.10356496062992128, 0.23811089238844796, 0.208015091863517, 0.5133989501312343, 0.8134717847768989, 0.7656725721784792, 0.34964238845143925, 2.7874022309711184, 2.3005583989501233, 1.8393845144356928, 1.5959625984251924, 1.0896450131233537, 0.1460531496063003, 2.6333825459317484, 0.21509645669291252, 6.914067585301812, 0.2389960629921224, 0.3425610236220496, 2.9104409448818833, 0.1460531496063003, 2.0562513123359545, 0.18500065616797565, 1.6605800524934324, 2.4165157480314865, 0.027440288713907645, 0.053110236220472305, 0.15844553805774247, 0.6745, 0.41780052493438286, 1.7136902887139047, 0.08497637795275215, 1.2109133858267698, 0.2628956692913382, 0.41868569553805735, 2.047399606299204, 1.133018372703407, 2.1217539370078686, 0.05045472440944898, 0.38504921259842273, 0.16110104986876578, 0.06019160104986782, 0.1637565616797891, 0.30449868766404276, 1.6242880577427745, 1.5729481627296569, 1.5419671916010456, 6.246648950131213, 2.366061023622038, 0.15579002624671912, 1.456105643044613, 2.003141076115476, 1.0843339895013069, 4.715303805774261, 5.282698162729642, 7.97273162729656, 1.732278871391068, 2.2863956692913265, 1.9898635170603594, 0.49658070866141396, 0.16729724409448687, 1.290578740157475, 1.667661417322828, 0.5514612860892352, 0.13100524934382893, 1.8588582677165246, 0.3266279527559038, 0.16995275590551018, 0.49304002624671617, 0.40806364829395814, 0.6514855643044586, 0.3195465879265082, 1.8694803149606238, 2.463429790026238, 0.13808661417323034, 0.17791929133858603, 0.0, 1.2285777331995944, 1.0093821464393158, 0.2408445336008021, 0.23813841524573717, 1.8780461384152396, 2.580283851554655, 4.799977432296872, 0.2597873620862563, 0.2706118355065159, 0.10418555667000721, 0.6460857572718142, 1.6317893681043079, 0.08050702106318944, 0.1373355065195566, 1.1588951855566645, 2.0539438314944753, 0.06832948846539744, 1.4944538615847467, 1.1081554663991933, 0.11974573721163484, 1.9511113340020008, 0.3199984954864591, 0.9708199598796368, 0.01285406218655822, 1.2569919759277803, 1.6148761283851523, 0.6745, 0.5736970912738194, 0.6643520561685022, 2.1906028084252704, 0.3132331995987968, 0.5919633901705118, 0.0, 1.907813440320958, 1.5837557673019016, 5.479213139418236, 7.675228184553636, 0.2997026078234679, 1.0114117352056147, 0.443126880641925, 0.11636308926780371, 3.760383530482259, 0.6321519563239314, 0.8003166515013674, 1.7074240218380365, 1.5466242038216589, 0.5505245677889002, 0.8150464058234769, 0.4461888080072797, 2.1978020928116484, 1.7540682438580533, 0.39033848953594, 0.5566619654231125, 1.674282074613286, 0.2295386715195627, 1.4895464058234769, 1.487091446769792, 1.4649968152866237, 1.8651551410373077, 0.7923380345768876, 0.7653334849863536, 0.004909918107369801, 0.38113239308462166, 2.7538503184713394, 1.0267866242038242, 0.1405464058234769, 0.837141037306641, 0.36026524112830005, 1.4097602365787094, 0.6468817106460407, 1.3704808917197469, 0.6542465878070995, 0.26697679708826155, 0.09390218380345561, 0.6640664240218391, 0.4774895359417663, 1.3582060964513223, 2.1364281164695216, 0.8064540491355797, 0.046644222020017195, 1.227479526842585, 1.4674517743403126, 1.1857452229299377, 1.327519108280257, 0.22462875341219293, 0.4345277525022765, 0.628469517743404, 0.5953275705186537, 0.20560282074613492, 0.07733121019108255, 0.3087111010009089, 0.5094040036396741, 0.1945555050045488, 0.05462283894449721, 0.15343494085532264, 0.7671747042766172, 5.8606010009099245, 0.17614331210191203, 0.9476141947224737, 0.6745, 4.959017288444047, 0.6996633303002743, 3.030646951774345, 0.0, 0.6824786169244759, 0.6683626023657877, 0.6290832575068253, 0.1798257506824394, 0.49099181073703324, 1.46806551410373, 0.6131260236578693, 0.5910313921747052, 0.16693721565058958, 0.7972479526842614, 0.5486833484986366, 0.5965550500454962, 0.8573944494995455, 1.3397939035486817, 0.777608280254778, 1.793347588717016]",1.0209284146703106,0.6745,1.0562131140731208,0.0,7.97273162729656,885.0,9.0,1.0,0.33
